137,4
137,1
137,3
139,4
139,3
139,2
139,1
139,0
138,53
138,52
138,51
138,50
138,49
138,48
138,47
138,46
138,45
138,44
138,43
138,42
138,41
138,40
138,39
138,38
138,37
138,36
138,35
138,34
138,33
138,32
138,31
138,30
138,29
138,28
138,27
138,26
138,25
138,24
138,23
138,22
138,21
138,20
138,19
138,18
138,17
138,16
138,15
138,14
138,13
138,12
138,11
138,10
138,8
138,1
138,7
138,4
96,3
96,2
96,1
95,3
95,2
95,1
94,3
94,2
94,1
93,3
93,2
93,1
92,3
92,2
92,1
91,3
91,2
91,1
90,3
90,2
90,1
20,3
20,2
20,1
19,3
19,2
19,1
18,3
18,2
18,1
14,3
14,1
13,3
13,1
0,483
0,482
0,481
0,480
0,479
0,478
0,477
0,476
0,475
0,474
0,473
0,472
0,471
0,470
0,469
0,468
0,467
0,466
0,465
0,408
0,322
